52,5
52,4
56,4
62,49
62,48
62,47
62,46
62,45
62,44
62,43
62,42
62,41
62,40
62,39
62,38
62,37
62,36
62,35
56,1
56,3
53,1
53,3
52,1
52,3
54,1
54,3
50,1
50,3
3,2
3,1
3,3
10,238
10,132
10,178
10,98
10,94
10,296
10,222
10,1
10,22
10,2
10,3
11,14
11,4
11,18
11,12
11,28
11,1
11,20
11,2
11,3
9,7
9,4
9,1
9,6
9,2
9,3
8,10
8,4
8,9
8,18
8,16
8,7
8,1
8,17
8,2
8,3
12,2
12,1
12,3
20,2
20,1
20,3
19,2
19,1
19,3
21,3
21,2
21,1
21,0
7,13
7,12
7,11
7,10
7,9
7,8
7,7
7,6
7,1
7,5
7,4
6,7
6,6
6,5
6,1
6,4
4,88
4,87
4,86
4,85
4,84
4,83
4,82
4,81
4,80
4,79
4,78
4,77
4,76
4,75
4,74
4,73
4,72
4,71
4,70
4,69
4,68
4,67
4,66
4,65
4,64
4,40
4,39
4,38
18,1
4,37
